1 -0.531250 0.500000 -1.062500 1.000000
1 2.468750 0.500000 -2.937500 1.000000
1 0.026562 0.500000 0.053125 0.595833
1 1.241406 0.500000 -0.482812 0.595833
1 0.187500 0.500000 0.103125 0.345833
1 1.036719 0.500000 -0.073438 0.345833
1 0.279687 0.500000 0.075000 0.245833
1 0.940625 0.500000 0.075000 0.245833
1 0.329688 0.500000 0.056250 0.187500
1 0.840625 0.500000 0.056250 0.187500
1 0.360938 0.500000 0.046875 0.154167
1 0.778125 0.500000 0.046875 0.154167
1 0.382812 0.500000 0.037500 0.129167
1 0.734375 0.500000 0.037500 0.129167
1 0.398438 0.500000 0.034375 0.112500
1 0.703125 0.500000 0.034375 0.112500
1 0.410938 0.500000 0.031250 0.100000
1 0.678125 0.500000 0.031250 0.100000
1 0.420312 0.500000 0.028125 0.087500
1 0.659375 0.500000 0.028125 0.087500
1 0.428125 0.500000 0.025000 0.079167
1 0.643750 0.500000 0.025000 0.079167
1 0.434375 0.500000 0.021875 0.075000
1 0.631250 0.500000 0.021875 0.075000
1 0.439063 0.500000 0.018750 0.066667
1 0.620313 0.500000 0.018750 0.066667
1 0.443750 0.500000 0.018750 0.062500
1 0.612500 0.500000 0.018750 0.062500
1 0.448437 0.500000 0.018750 0.058333
1 0.604688 0.500000 0.018750 0.058333
1 0.451562 0.500000 0.015625 0.054167
1 0.596875 0.500000 0.015625 0.054167
1 0.454688 0.500000 0.015625 0.050000
1 0.592187 0.500000 0.015625 0.050000
1 0.456250 0.500000 0.015625 0.045833
1 0.585938 0.500000 0.015625 0.045833
1 0.459375 0.500000 0.012500 0.045833
1 0.581250 0.500000 0.012500 0.045833
1 0.460938 0.500000 0.012500 0.041667
1 0.576562 0.500000 0.012500 0.041667
1 0.462500 0.500000 0.012500 0.041667
1 0.573438 0.500000 0.012500 0.041667
9 0.500000 0.500000 0.025000 0.050000
1 1.621875 0.500000 -1.243750 0.325000
1 0.621875 0.500000 0.018750 0.025000
