1 -0.010156 0.500000 -0.020313 0.695833
1 1.322656 0.500000 -0.645312 0.695833
1 0.159375 0.500000 0.112500 0.379167
1 1.062500 0.500000 -0.125000 0.379167
1 0.265625 0.500000 0.078125 0.258333
1 0.964844 0.500000 0.070312 0.258333
1 0.321875 0.500000 0.059375 0.200000
1 0.857812 0.500000 0.059375 0.200000
1 0.356250 0.500000 0.046875 0.158333
1 0.789062 0.500000 0.046875 0.158333
1 0.379688 0.500000 0.040625 0.133333
1 0.742188 0.500000 0.040625 0.133333
1 0.395313 0.500000 0.034375 0.116667
1 0.707812 0.500000 0.034375 0.116667
1 0.407813 0.500000 0.031250 0.100000
1 0.682813 0.500000 0.031250 0.100000
1 0.418750 0.500000 0.028125 0.091667
1 0.662500 0.500000 0.028125 0.091667
1 0.426563 0.500000 0.025000 0.083333
1 0.646875 0.500000 0.025000 0.083333
1 0.432812 0.500000 0.021875 0.075000
1 0.634375 0.500000 0.021875 0.075000
1 0.439063 0.500000 0.021875 0.066667
1 0.623437 0.500000 0.021875 0.066667
1 0.443750 0.500000 0.018750 0.062500
1 0.614062 0.500000 0.018750 0.062500
1 0.446875 0.500000 0.018750 0.058333
1 0.606250 0.500000 0.018750 0.058333
1 0.450000 0.500000 0.015625 0.054167
1 0.598437 0.500000 0.015625 0.054167
1 0.453125 0.500000 0.015625 0.050000
1 0.592187 0.500000 0.015625 0.050000
1 0.456250 0.500000 0.015625 0.050000
1 0.587500 0.500000 0.015625 0.050000
1 0.459375 0.500000 0.012500 0.045833
1 0.582812 0.500000 0.012500 0.045833
1 0.460938 0.500000 0.012500 0.041667
1 0.578125 0.500000 0.012500 0.041667
1 0.462500 0.500000 0.012500 0.041667
1 0.575000 0.500000 0.012500 0.041667
1 0.464062 0.500000 0.012500 0.037500
1 0.570312 0.500000 0.012500 0.037500
1 0.465625 0.500000 0.012500 0.037500
1 0.567187 0.500000 0.012500 0.037500
1 0.467187 0.500000 0.009375 0.037500
1 0.564063 0.500000 0.009375 0.037500
1 0.468750 0.500000 0.009375 0.033333
1 0.562500 0.500000 0.009375 0.033333
1 0.470313 0.500000 0.009375 0.033333
1 0.559375 0.500000 0.009375 0.033333
1 0.471875 0.500000 0.009375 0.033333
1 0.557813 0.500000 0.009375 0.033333
1 0.471875 0.500000 0.009375 0.029167
1 0.554688 0.500000 0.009375 0.029167
1 0.473438 0.500000 0.009375 0.029167
1 0.553125 0.500000 0.009375 0.029167
1 0.475000 0.500000 0.009375 0.029167
1 0.551562 0.500000 0.009375 0.029167
1 0.500000 0.500000 0.015625 0.066667
9 0.500000 0.500000 0.009375 0.020833
1 0.615625 0.500000 0.015625 0.020833
1 0.559375 0.500000 0.009375 0.012500
1 0.621875 0.500000 0.028125 0.037500
