1 -0.140625 0.500000 -0.281250 1.000000
1 1.609375 0.500000 -1.218750 1.000000
1 0.082812 0.500000 0.137500 0.462500
1 1.132031 0.500000 -0.264062 0.462500
1 0.232813 0.500000 0.090625 0.295833
1 0.995313 0.500000 0.009375 0.295833
1 0.303125 0.500000 0.065625 0.220833
1 0.895312 0.500000 0.065625 0.220833
1 0.343750 0.500000 0.053125 0.175000
1 0.812500 0.500000 0.053125 0.175000
1 0.370312 0.500000 0.043750 0.141667
1 0.759375 0.500000 0.043750 0.141667
1 0.389062 0.500000 0.037500 0.120833
1 0.720313 0.500000 0.037500 0.120833
1 0.403125 0.500000 0.031250 0.108333
1 0.692187 0.500000 0.031250 0.108333
1 0.414062 0.500000 0.028125 0.095833
1 0.670312 0.500000 0.028125 0.095833
1 0.423438 0.500000 0.025000 0.083333
1 0.653125 0.500000 0.025000 0.083333
1 0.431250 0.500000 0.021875 0.079167
1 0.639062 0.500000 0.021875 0.079167
1 0.435937 0.500000 0.021875 0.070833
1 0.626563 0.500000 0.021875 0.070833
1 0.440625 0.500000 0.018750 0.066667
1 0.617188 0.500000 0.018750 0.066667
1 0.445312 0.500000 0.018750 0.058333
1 0.609375 0.500000 0.018750 0.058333
1 0.450000 0.500000 0.015625 0.058333
1 0.601562 0.500000 0.015625 0.058333
1 0.453125 0.500000 0.015625 0.054167
1 0.595313 0.500000 0.015625 0.054167
1 0.454688 0.500000 0.015625 0.050000
1 0.589063 0.500000 0.015625 0.050000
1 0.457813 0.500000 0.012500 0.045833
1 0.584375 0.500000 0.012500 0.045833
1 0.459375 0.500000 0.012500 0.045833
1 0.579688 0.500000 0.012500 0.045833
1 0.462500 0.500000 0.012500 0.041667
1 0.575000 0.500000 0.012500 0.041667
1 0.464062 0.500000 0.012500 0.041667
1 0.571875 0.500000 0.012500 0.041667
1 0.465625 0.500000 0.012500 0.037500
1 0.568750 0.500000 0.012500 0.037500
1 0.467187 0.500000 0.012500 0.037500
1 0.565625 0.500000 0.012500 0.037500
1 0.468750 0.500000 0.009375 0.033333
1 0.562500 0.500000 0.009375 0.033333
1 0.470313 0.500000 0.009375 0.033333
1 0.560937 0.500000 0.009375 0.033333
1 0.470313 0.500000 0.009375 0.033333
1 0.557813 0.500000 0.009375 0.033333
1 0.471875 0.500000 0.009375 0.029167
1 0.556250 0.500000 0.009375 0.029167
1 0.473438 0.500000 0.009375 0.029167
1 0.554688 0.500000 0.009375 0.029167
1 0.473438 0.500000 0.009375 0.029167
1 0.551562 0.500000 0.009375 0.029167
1 0.475000 0.500000 0.009375 0.029167
1 0.550000 0.500000 0.009375 0.029167
1 0.500000 0.500000 0.025000 0.100000
1 1.140625 0.500000 -0.281250 0.833333
9 0.500000 0.500000 0.006250 0.016667
1 0.568750 0.500000 0.009375 0.012500
1 0.506250 0.500000 0.056250 0.075000
1 0.542188 0.500000 0.006250 0.008333
1 0.560937 0.500000 0.015625 0.020833
