1 -0.062500 0.500000 -0.125000 0.833333
1 1.437500 0.500000 -0.875000 0.833333
1 0.125000 0.500000 0.125000 0.416667
1 1.093750 0.500000 -0.187500 0.416667
1 0.250000 0.500000 0.084375 0.279167
1 0.978906 0.500000 0.042188 0.279167
1 0.312500 0.500000 0.062500 0.208333
1 0.875000 0.500000 0.062500 0.208333
1 0.350000 0.500000 0.050000 0.166667
1 0.800000 0.500000 0.050000 0.166667
1 0.375000 0.500000 0.040625 0.137500
1 0.750000 0.500000 0.040625 0.137500
1 0.392188 0.500000 0.034375 0.120833
1 0.714063 0.500000 0.034375 0.120833
1 0.406250 0.500000 0.031250 0.104167
1 0.687500 0.500000 0.031250 0.104167
1 0.417187 0.500000 0.028125 0.091667
1 0.667188 0.500000 0.028125 0.091667
1 0.425000 0.500000 0.025000 0.083333
1 0.650000 0.500000 0.025000 0.083333
1 0.431250 0.500000 0.021875 0.075000
1 0.635938 0.500000 0.021875 0.075000
1 0.437500 0.500000 0.021875 0.070833
1 0.625000 0.500000 0.021875 0.070833
1 0.442188 0.500000 0.018750 0.062500
1 0.615625 0.500000 0.018750 0.062500
1 0.446875 0.500000 0.018750 0.058333
1 0.607812 0.500000 0.018750 0.058333
1 0.450000 0.500000 0.015625 0.054167
1 0.600000 0.500000 0.015625 0.054167
1 0.453125 0.500000 0.015625 0.050000
1 0.593750 0.500000 0.015625 0.050000
1 0.456250 0.500000 0.015625 0.050000
1 0.587500 0.500000 0.015625 0.050000
1 0.457813 0.500000 0.012500 0.045833
1 0.582812 0.500000 0.012500 0.045833
1 0.460938 0.500000 0.012500 0.045833
1 0.579688 0.500000 0.012500 0.045833
1 0.462500 0.500000 0.012500 0.041667
1 0.575000 0.500000 0.012500 0.041667
1 0.464062 0.500000 0.012500 0.041667
1 0.571875 0.500000 0.012500 0.041667
1 0.465625 0.500000 0.012500 0.037500
1 0.568750 0.500000 0.012500 0.037500
1 0.467187 0.500000 0.009375 0.037500
1 0.565625 0.500000 0.009375 0.037500
1 0.468750 0.500000 0.009375 0.033333
1 0.562500 0.500000 0.009375 0.033333
1 0.470313 0.500000 0.009375 0.033333
1 0.559375 0.500000 0.009375 0.033333
1 0.471875 0.500000 0.009375 0.033333
1 0.557813 0.500000 0.009375 0.033333
1 0.471875 0.500000 0.009375 0.029167
1 0.556250 0.500000 0.009375 0.029167
1 0.473438 0.500000 0.009375 0.029167
1 0.553125 0.500000 0.009375 0.029167
1 0.473438 0.500000 0.009375 0.029167
1 0.551562 0.500000 0.009375 0.029167
1 0.475000 0.500000 0.009375 0.029167
1 0.550000 0.500000 0.009375 0.029167
1 0.500000 0.500000 0.065625 0.266667
9 0.500000 0.500000 0.006250 0.012500
1 0.545312 0.500000 0.006250 0.008333
1 0.501563 0.500000 0.018750 0.025000
1 0.635938 0.500000 0.031250 0.041667
1 0.642188 0.500000 0.034375 0.045833
1 0.537500 0.500000 0.009375 0.012500
