1 -0.271094 0.500000 -0.542188 1.000000
1 1.896094 0.500000 -1.792188 1.000000
1 0.054688 0.500000 0.109375 0.520833
1 1.179688 0.500000 -0.359375 0.520833
1 0.210938 0.500000 0.096875 0.320833
1 1.014063 0.500000 -0.028125 0.320833
1 0.292187 0.500000 0.068750 0.233333
1 0.917188 0.500000 0.068750 0.233333
1 0.337500 0.500000 0.053125 0.179167
1 0.826562 0.500000 0.053125 0.179167
1 0.365625 0.500000 0.043750 0.150000
1 0.767188 0.500000 0.043750 0.150000
1 0.385937 0.500000 0.037500 0.125000
1 0.726562 0.500000 0.037500 0.125000
1 0.401562 0.500000 0.034375 0.108333
1 0.696875 0.500000 0.034375 0.108333
1 0.412500 0.500000 0.028125 0.095833
1 0.675000 0.500000 0.028125 0.095833
1 0.421875 0.500000 0.025000 0.087500
1 0.656250 0.500000 0.025000 0.087500
1 0.429688 0.500000 0.025000 0.079167
1 0.642188 0.500000 0.025000 0.079167
1 0.435937 0.500000 0.021875 0.070833
1 0.629687 0.500000 0.021875 0.070833
1 0.440625 0.500000 0.018750 0.066667
1 0.618750 0.500000 0.018750 0.066667
1 0.445312 0.500000 0.018750 0.062500
1 0.610938 0.500000 0.018750 0.062500
1 0.448437 0.500000 0.015625 0.058333
1 0.603125 0.500000 0.015625 0.058333
1 0.451562 0.500000 0.015625 0.054167
1 0.596875 0.500000 0.015625 0.054167
1 0.454688 0.500000 0.015625 0.050000
1 0.590625 0.500000 0.015625 0.050000
1 0.457813 0.500000 0.015625 0.045833
1 0.585938 0.500000 0.015625 0.045833
1 0.459375 0.500000 0.012500 0.045833
1 0.581250 0.500000 0.012500 0.045833
1 0.462500 0.500000 0.012500 0.041667
1 0.576562 0.500000 0.012500 0.041667
1 0.464062 0.500000 0.012500 0.041667
1 0.573438 0.500000 0.012500 0.041667
1 0.465625 0.500000 0.012500 0.037500
1 0.568750 0.500000 0.012500 0.037500
1 0.467187 0.500000 0.012500 0.037500
1 0.565625 0.500000 0.012500 0.037500
9 0.500000 0.500000 0.018750 0.037500
1 0.890625 0.500000 0.050000 0.066667
1 0.595313 0.500000 0.015625 0.020833
